UUUU
0000
1010
0011
0111
1000
1001
1010
1110
1010
1101
1011
0111
1011
1111
0001
0001
0101
0110
1000
1010
1011
1011
0011
0101
0101
1011
0110
1111
0001
0011
1011
0000
0110
0000
0000
0101
1111
0101
1000
0001
1011
1101
1000
1111
1011
0110
0111
1101
1110
1000
1110
0111
1111
1101
1001
1011
0001
0101
0000
0011
0011
1110
0100
1010
0011
0110
1010
1011
1011
0001
0000
1110
1100
1001
0111
0111
1000
0101
0100
1111
1111
1101
1110
1110
0010
0010
0001
1011
1000
1100
0011
0001
0000
1010
0010
1000
0100
0011
1111
1111
1110
